10,230
10,186
10,236
10,270
10,144
10,194
10,212
10,2
10,3
11,24
9,7
9,2
9,3
129,5
129,4
129,3
129,2
129,1
129,0
128,4
128,3
128,2
128,1
128,0
127,4
127,3
127,2
127,1
127,0
126,4
126,3
126,2
126,1
126,0
125,3
125,2
125,1
125,0
124,5
124,4
124,3
124,2
124,1
124,0
123,3
123,2
123,1
123,0
122,4
122,3
122,2
122,1
122,0
121,3
121,2
121,1
121,0
120,3
120,2
120,1
120,0
20,3
20,2
20,1
19,3
19,2
19,1
18,1
12,3
18,3
12,2
12,1
11,28
11,27
11,26
11,25
11,23
11,22
11,21
11,19
11,18
11,17
11,16
11,15
11,14
11,13
11,11
11,10
11,9
11,8
11,7
11,6
11,5
14,1
11,4
11,3
14,3
11,2
13,1
11,1
13,3
10,294
10,292
10,291
10,282
10,281
